,AGR.L,BBOX.L,BCPT.L,BLND.L,BOXE.L,BYG.L,CAPC.L,CLI.L,DIGS.L,DLN.L,ESP.L,GPOR.L,GRI.L,HLCL.L,HMSO.L,IUKP.L,LAND.L,LMP.L,LXI.L,PCTN.L,PHP.L,SAFE.L,SGRO.L,SHB.L,SRE.L,STP.L,SUPR.L,THRL.L,UKCM.L,UTG.L,WKP.L,^FTLC,^FTSE
AGR.L,0.0022636252438852293,-1.1096693491575438e-05,2.341288891997747e-05,-5.0282338646594556e-05,0.0004641403170424547,0.00046945586960522157,0.0011296437854599972,0.0003494593630334823,-0.00034025211705137546,0.0011298318388488378,4.3596568874646324e-05,0.0005006600827381149,0.0005754261259849842,-0.00019579439650065265,0.00046532687365690074,0.0004524650131193291,3.1793757886388886e-05,0.0003611818531524276,-1.774210080204239e-05,0.00030360756289466876,0.0010499892296591737,-0.00012082357915319652,0.0006800763737068937,0.0005324044276200366,0.00018396626119732614,-0.0005765077840006764,0.0003827741014170876,7.697254125632322e-05,0.0005092835117770301,0.00017644973354992105,9.193970589668707e-05,-5.66404967542348e-06,-2.3777994957131127e-06
BBOX.L,-1.1096693491575438e-05,0.0022923046636908534,0.0014405944280523858,0.0020802244423628346,0.0011266454350766075,0.0005841190634999086,0.001363558658154306,0.0010597036122900103,0.001345105634534264,0.0008975241316931514,0.0011656830436448222,0.0007855118611136552,0.0011904586632570352,0.0008835394812797238,0.002600919236725815,0.0013580749949288777,0.001864501552909655,0.0015062368039417298,0.0009439816839892359,0.0005505857100849945,-0.000279467482319665,0.0008868706870424653,0.001050936233254173,0.000983257852855448,0.0013019808987093514,0.0021606139495892623,0.00024624923590609493,0.0003332399278784052,0.0001741167637036044,0.0015322443488755694,0.0013743993926639676,0.001245186058849652,0.0012079525351207051
BCPT.L,2.341288891997747e-05,0.0014405944280523858,0.005379792054921991,0.0034644258930579355,0.0011281904528053588,0.0006275800642941365,0.0024234550133819693,0.002137477216161092,0.0035546958583707006,0.0017385196504952206,0.003261731289793107,0.002275214414917923,0.0014151058065088845,0.0017572593962558631,0.0036848795010975943,0.00182797021283846,0.003310183323418982,0.0013870227711427704,0.0018436181226204145,0.0016842239121255963,-6.206815927100257e-05,0.0007105189444257544,0.0006923321819051518,0.0026302523876833004,0.0021810800467240727,0.0020128570956345973,9.604641295341019e-05,0.0005879516070563826,0.0009348735518728773,0.0024633968968569286,0.002980414316608626,0.0016353657917761698,0.0014990806225040401
BLND.L,-5.0282338646594556e-05,0.0020802244423628346,0.0034644258930579355,0.007663546523956124,0.001741431281009891,0.0018469458481230599,0.005978787924504623,0.0028908357146604727,0.004095119155374773,0.0035608924172848885,0.004042685819424521,0.0034067184575313565,0.002087555245174994,0.003038660876774011,0.008478843869810723,0.0034921039526939262,0.006693961926161551,0.002549006102800989,0.001559805310014285,0.0014141766079686325,-9.874645321663915e-05,0.0017051935341895537,0.0013317822345527447,0.0037725307613685304,0.0031898911856890156,0.004233638560901168,0.00011770839975873174,0.0010255092229521066,0.000915521698982416,0.004561610160145468,0.0050945293032492196,0.002682161458037687,0.002467847257192451
BOXE.L,0.0004641403170424547,0.0011266454350766075,0.0011281904528053588,0.001741431281009891,0.0023243030230062117,0.0006036274180933662,0.0020537075650713405,0.00017188309579722934,0.0012547241592860449,0.0009618686321066245,0.0011930718791647625,0.0007295600767582973,0.0007740459308115781,0.00020996542510080685,0.0037128434272843845,0.0009738151431670279,0.00107236340343787,0.00043635657279166696,0.0011021061492043095,0.0019058512270983246,0.0004354606544774591,5.3238018689017125e-05,0.0004046857258383303,0.0008104447491453097,0.0016241051990736222,0.0011980031149323503,0.0006161234826475602,0.0006435940963813347,0.00020056886398339582,0.0012994133822612098,0.0006144772399410568,0.001002601458938724,0.000991504917261127
BYG.L,0.00046945586960522157,0.0005841190634999086,0.0006275800642941365,0.0018469458481230599,0.0006036274180933662,0.002548606710224215,0.0017658222291294233,0.001585212987242074,0.0007279887185324156,0.0013645925550661389,0.000978192709150776,0.001048663682104734,0.001126544486685555,0.0009650991021999441,0.0017093392424475736,0.0012672839045419688,0.001896300700949855,0.0010657116741448005,0.00046223437452520486,0.00030266737510504436,0.0003697412073379947,0.0015852830495387633,0.0009206398581689804,0.0009887749418029184,0.001184595647845046,0.0015139824368644978,0.00015719969498366576,0.0004189380046517104,0.00042072311785275177,0.001657075454769353,0.0018653601087623034,0.0006890485068184306,0.0005857887418043346
CAPC.L,0.0011296437854599972,0.001363558658154306,0.0024234550133819693,0.005978787924504623,0.0020537075650713405,0.0017658222291294233,0.007526138187491126,0.00266784213836791,0.0033973153001878548,0.0034709482979296876,0.0037641318776813148,0.0031785222769241733,0.001944445721691508,0.00271144315751341,0.008156935189251122,0.003085650736138932,0.0054323476718683514,0.0018803607073822224,0.0014044506898079406,0.0019884581295412226,0.0006077726646761132,0.0011249819224030397,0.001205496475263743,0.0036499723550198105,0.0031950982734966944,0.0027688543934797937,0.0006652373997757869,0.0008482050634057742,0.0010574252077087676,0.0036493328479631675,0.004199899985053836,0.0023625057545418374,0.0022145605192605057
CLI.L,0.0003494593630334823,0.0010597036122900103,0.002137477216161092,0.0028908357146604727,0.00017188309579722934,0.001585212987242074,0.00266784213836791,0.00468151059995833,0.002036399245625236,0.0015832950839630756,0.0024911308954553247,0.0017076704774452386,0.001697447616574796,0.0020153514394220316,0.0041622831238234586,0.002030688045841865,0.003313252044171962,0.00146408025182214,0.0007946912014853602,0.0003617338272610628,3.29338067652946e-05,0.0017055188740505661,0.0014017299560333872,0.0022944377526928177,0.002099098852788095,0.0023083974979681995,5.7035621536296184e-05,0.0006511650453223152,0.0011498956991363937,0.0027845923902542796,0.002920562002272064,0.001346059579403255,0.0012697053302275442
DIGS.L,-0.00034025211705137546,0.001345105634534264,0.0035546958583707006,0.004095119155374773,0.0012547241592860449,0.0007279887185324156,0.0033973153001878548,0.002036399245625236,0.004768906892695309,0.0022269568294211142,0.0044752993546691615,0.0024881443905389665,0.0014675755678213575,0.001703065206572044,0.004606028751187077,0.002048934676380206,0.004159041621893198,0.0014744795856350696,0.001809275918510755,0.0021749022667647885,-0.00024865227014326353,0.0008252630218399912,0.0005365234711417769,0.002835781207064395,0.002453832575683719,0.002968926318500304,3.664109885180448e-05,0.0008952249903451754,0.0008838028476813475,0.0030470904500800038,0.002494478845802257,0.0018702411316164772,0.001766980377128679
DLN.L,0.0011298318388488378,0.0008975241316931514,0.0017385196504952206,0.0035608924172848885,0.0009618686321066245,0.0013645925550661389,0.0034709482979296876,0.0015832950839630756,0.0022269568294211142,0.004051563469200061,0.0023648712681291527,0.002817488053767488,0.0015470706636024254,0.002306082175593921,0.004800172808626475,0.002351285162337738,0.0035604861687700325,0.0017465343756810855,0.0007262524216434052,0.0013923388430405728,0.00039712820695855116,0.001375825680195664,0.001314123036483509,0.0023540387393868427,0.001651818677805673,0.0022320845419789713,0.00023971386664904836,0.0007791757515652124,0.0012133018979241501,0.0026754605394772825,0.0036690199920222035,0.0010637179839111204,0.000962384904502041
ESP.L,4.3596568874646324e-05,0.0011656830436448222,0.003261731289793107,0.004042685819424521,0.0011930718791647625,0.000978192709150776,0.0037641318776813148,0.0024911308954553247,0.0044752993546691615,0.0023648712681291527,0.005842933967140641,0.002277854352490838,0.0015647435304383562,0.00190024436727556,0.005611780583592758,0.002273999279368583,0.004427470767170814,0.001446416311504806,0.001456760220190042,0.0024971106120932956,-0.00019089911767848286,0.001004443280424155,0.0009250580940756594,0.0030827673227270813,0.0027484735151309826,0.003177512554434357,0.00013709796430644674,0.0012625854888238296,0.0013531781243675425,0.0035294052507552163,0.0026647024628353023,0.0019373041212362623,0.0018398497004665176
GPOR.L,0.0005006600827381149,0.0007855118611136552,0.002275214414917923,0.0034067184575313565,0.0007295600767582973,0.001048663682104734,0.0031785222769241733,0.0017076704774452386,0.0024881443905389665,0.002817488053767488,0.002277854352490838,0.003472840042699647,0.0013504309151267657,0.0021306353068689496,0.0038589722456371274,0.0020905255535645833,0.00333153477286529,0.0015487551190104133,0.0009702610046487404,0.0011676121639802722,0.00044015549440883626,0.001340677999177772,0.001000247311110778,0.0021746249649994237,0.0011575462210559636,0.002365279729380928,0.00015354254430774073,0.0008564172838728313,0.0007853341328693476,0.002696716863103758,0.003430637543527922,0.0013598144571256045,0.0012573337945268625
GRI.L,0.0005754261259849842,0.0011904586632570352,0.0014151058065088845,0.002087555245174994,0.0007740459308115781,0.001126544486685555,0.001944445721691508,0.001697447616574796,0.0014675755678213575,0.0015470706636024254,0.0015647435304383562,0.0013504309151267657,0.0027697778876228196,0.0011709930618448887,0.003327082269039106,0.001513581942721412,0.001960075953087324,0.0013766420894298394,0.0008530208109865348,0.0006773168132691586,0.00037251542873738063,0.0015555767019360671,0.0010425811590510038,0.001543821043902451,0.0015667870351669785,0.002348741249708429,0.0005277047605584616,0.0006386462391751529,0.0005746625151605761,0.0019379389446644985,0.0021675523887778937,0.0010737861432645332,0.0009758356878025695
HLCL.L,-0.00019579439650065265,0.0008835394812797238,0.0017572593962558631,0.003038660876774011,0.00020996542510080685,0.0009650991021999441,0.00271144315751341,0.0020153514394220316,0.001703065206572044,0.002306082175593921,0.00190024436727556,0.0021306353068689496,0.0011709930618448887,0.0051035339179979905,0.003989400493371519,0.0017993360812647414,0.0029506210141427218,0.0011196107557531552,0.0008446228469168455,0.0010425848131623882,-0.00012261360517055891,0.0015338026461202711,0.0008701195515675798,0.001547137383945841,0.001716986877029327,0.002663289867433354,-0.00022935334397613445,0.000861853057502671,0.0005307341050917197,0.0024125351467695934,0.003726484650527855,0.001288211928446898,0.0011541584303012998
HMSO.L,0.00046532687365690074,0.002600919236725815,0.0036848795010975943,0.008478843869810723,0.0037128434272843845,0.0017093392424475736,0.008156935189251122,0.0041622831238234586,0.004606028751187077,0.004800172808626475,0.005611780583592758,0.0038589722456371274,0.003327082269039106,0.003989400493371519,0.018796646891250123,0.004663408490704109,0.007314487262044509,0.002758989499265933,0.0023650279407713176,0.002702765938112408,-0.00022315220271257473,0.0021566012655944333,0.002038900615974558,0.005163483245094169,0.004602876225154231,0.006709981659208844,0.0007112627794022018,0.0015124533803198255,0.0018997717855007308,0.0063533145414578765,0.007214277130957966,0.0033783982785463465,0.003230568434278402
IUKP.L,0.0004524650131193291,0.0013580749949288777,0.00182797021283846,0.0034921039526939262,0.0009738151431670279,0.0012672839045419688,0.003085650736138932,0.002030688045841865,0.002048934676380206,0.002351285162337738,0.002273999279368583,0.0020905255535645833,0.001513581942721412,0.0017993360812647414,0.004663408490704109,0.002184372630159271,0.003441551084745638,0.0017595352615042664,0.0008725012029772277,0.0008934670838618337,0.00015559812129489124,0.0014554751259598818,0.0013285936111871515,0.0019987279678810414,0.0017686982312561123,0.0026013190064261304,0.00022688459648526974,0.0006881272722204975,0.0008263553472541221,0.0027772212583020393,0.0030610173132010533,0.0014642709302489544,0.0013814040153777392
LAND.L,3.1793757886388886e-05,0.001864501552909655,0.003310183323418982,0.006693961926161551,0.00107236340343787,0.001896300700949855,0.0054323476718683514,0.003313252044171962,0.004159041621893198,0.0035604861687700325,0.004427470767170814,0.00333153477286529,0.001960075953087324,0.0029506210141427218,0.007314487262044509,0.003441551084745638,0.007058393643077677,0.0025141004907547936,0.0011767025541400873,0.0014409679884405083,-2.5144930277309648e-05,0.00174017318568139,0.0016320569778432198,0.003495461938096418,0.002877605078262289,0.0036507561727425657,-2.2074213110147333e-05,0.0011668113301356077,0.0012439305339213712,0.004707942198640473,0.004907662571556662,0.002491365524021068,0.0023629651127023065
LMP.L,0.0003611818531524276,0.0015062368039417298,0.0013870227711427704,0.002549006102800989,0.00043635657279166696,0.0010657116741448005,0.0018803607073822224,0.00146408025182214,0.0014744795856350696,0.0017465343756810855,0.001446416311504806,0.0015487551190104133,0.0013766420894298394,0.0011196107557531552,0.002758989499265933,0.0017595352615042664,0.0025141004907547936,0.0022867288064127573,0.0006909539961301416,0.0002862120670595083,0.00018229966414760345,0.0013931244221191221,0.0014048517080127172,0.0013628624546121201,0.0011501136464517835,0.0018842003326840812,0.0002034982192801453,0.0004852584244239255,0.0005313730485957433,0.0021845235033316488,0.002124313427495115,0.0011327673570622674,0.0010656178056967502
LXI.L,-1.774210080204239e-05,0.0009439816839892359,0.0018436181226204145,0.001559805310014285,0.0011021061492043095,0.00046223437452520486,0.0014044506898079406,0.0007946912014853602,0.001809275918510755,0.0007262524216434052,0.001456760220190042,0.0009702610046487404,0.0008530208109865348,0.0008446228469168455,0.0023650279407713176,0.0008725012029772277,0.0011767025541400873,0.0006909539961301416,0.0017789067314178282,0.0011686060296505593,8.931180360656141e-05,0.0004143094745188468,0.00011311593583036974,0.0012782571584847907,0.0016255097542401322,0.001638133669509163,0.0001715379173586568,0.00039170378406532246,0.0001816756404973004,0.0012900093521936672,0.0010871025429899986,0.0010415889107156398,0.0009707546373695696
PCTN.L,0.00030360756289466876,0.0005505857100849945,0.0016842239121255963,0.0014141766079686325,0.0019058512270983246,0.00030266737510504436,0.0019884581295412226,0.0003617338272610628,0.0021749022667647885,0.0013923388430405728,0.0024971106120932956,0.0011676121639802722,0.0006773168132691586,0.0010425848131623882,0.002702765938112408,0.0008934670838618337,0.0014409679884405083,0.0002862120670595083,0.0011686060296505593,0.00330475852243021,0.00023113281044782744,-0.0001648454591993459,-4.352857813016007e-05,0.0015370309383730902,0.0010340081347267394,0.0017114242871929524,0.00036376074633408294,0.0006643274723313876,0.0010240607047835143,0.0010705944761692419,0.0013695046669134259,0.0007636043004058171,0.0007442978963146374
PHP.L,0.0010499892296591737,-0.000279467482319665,-6.206815927100257e-05,-9.874645321663915e-05,0.0004354606544774591,0.0003697412073379947,0.0006077726646761132,3.29338067652946e-05,-0.00024865227014326353,0.00039712820695855116,-0.00019089911767848286,0.00044015549440883626,0.00037251542873738063,-0.00012261360517055891,-0.00022315220271257473,0.00015559812129489124,-2.5144930277309648e-05,0.00018229966414760345,8.931180360656141e-05,0.00023113281044782744,0.0012711160247290136,1.3114205396407937e-05,0.0003446011076476922,0.00021681518780353423,-0.0002249594793460207,-0.00032199529250427774,0.0003502750407154308,0.0001461419455211555,0.00027209432382172,-2.4315176476412507e-05,3.5358369234312053e-06,6.376213834952798e-05,5.4003919285816454e-05
SAFE.L,-0.00012082357915319652,0.0008868706870424653,0.0007105189444257544,0.0017051935341895537,5.3238018689017125e-05,0.0015852830495387633,0.0011249819224030397,0.0017055188740505661,0.0008252630218399912,0.001375825680195664,0.001004443280424155,0.001340677999177772,0.0015555767019360671,0.0015338026461202711,0.0021566012655944333,0.0014554751259598818,0.00174017318568139,0.0013931244221191221,0.0004143094745188468,-0.0001648454591993459,1.3114205396407937e-05,0.0029367366833185607,0.0012481650004943794,0.000791302392963343,0.000911387712621147,0.00281646824684093,0.0003118453090321129,0.0005957201165807436,0.00030854074913344977,0.0020249737700499216,0.0025290353737766184,0.0009195142177922352,0.000825011479697799
SGRO.L,0.0006800763737068937,0.001050936233254173,0.0006923321819051518,0.0013317822345527447,0.0004046857258383303,0.0009206398581689804,0.001205496475263743,0.0014017299560333872,0.0005365234711417769,0.001314123036483509,0.0009250580940756594,0.001000247311110778,0.0010425811590510038,0.0008701195515675798,0.002038900615974558,0.0013285936111871515,0.0016320569778432198,0.0014048517080127172,0.00011311593583036974,-4.352857813016007e-05,0.0003446011076476922,0.0012481650004943794,0.0017301250097392206,0.000685742469439107,0.0010643689978573068,0.0012154782959613833,0.00028256595406837723,0.00047880254821126416,0.00044995943028627026,0.0017773253262296086,0.0014808745179744583,0.0008522920963425079,0.0008374043523742363
SHB.L,0.0005324044276200366,0.000983257852855448,0.0026302523876833004,0.0037725307613685304,0.0008104447491453097,0.0009887749418029184,0.0036499723550198105,0.0022944377526928177,0.002835781207064395,0.0023540387393868427,0.0030827673227270813,0.0021746249649994237,0.001543821043902451,0.001547137383945841,0.005163483245094169,0.0019987279678810414,0.003495461938096418,0.0013628624546121201,0.0012782571584847907,0.0015370309383730902,0.00021681518780353423,0.000791302392963343,0.000685742469439107,0.00350283524649896,0.002018248932406152,0.0019174529158940508,0.00011051557602334104,0.0005548408011242846,0.0009031822717149002,0.0024012826319330235,0.0030130550232194166,0.001490048260866747,0.0013655612038773678
SRE.L,0.00018396626119732614,0.0013019808987093514,0.0021810800467240727,0.0031898911856890156,0.0016241051990736222,0.001184595647845046,0.0031950982734966944,0.002099098852788095,0.002453832575683719,0.001651818677805673,0.0027484735151309826,0.0011575462210559636,0.0015667870351669785,0.001716986877029327,0.004602876225154231,0.0017686982312561123,0.002877605078262289,0.0011501136464517835,0.0016255097542401322,0.0010340081347267394,-0.0002249594793460207,0.000911387712621147,0.0010643689978573068,0.002018248932406152,0.0049855573520180595,0.0023765698878984226,0.0002088734696059961,0.0006391095441414665,0.00027177771366249776,0.0027727322844321315,0.0023502462548976376,0.0016660734898971139,0.0015888736515793302
STP.L,-0.0005765077840006764,0.0021606139495892623,0.0020128570956345973,0.004233638560901168,0.0011980031149323503,0.0015139824368644978,0.0027688543934797937,0.0023083974979681995,0.002968926318500304,0.0022320845419789713,0.003177512554434357,0.002365279729380928,0.002348741249708429,0.002663289867433354,0.006709981659208844,0.0026013190064261304,0.0036507561727425657,0.0018842003326840812,0.001638133669509163,0.0017114242871929524,-0.00032199529250427774,0.00281646824684093,0.0012154782959613833,0.0019174529158940508,0.0023765698878984226,0.004779520839750754,0.0004047781463637157,0.0011750410720466622,0.0009531808374409869,0.004026312028056963,0.0038498087077780273,0.0022270292538818562,0.0019421881159535578
SUPR.L,0.0003827741014170876,0.00024624923590609493,9.604641295341019e-05,0.00011770839975873174,0.0006161234826475602,0.00015719969498366576,0.0006652373997757869,5.7035621536296184e-05,3.664109885180448e-05,0.00023971386664904836,0.00013709796430644674,0.00015354254430774073,0.0005277047605584616,-0.00022935334397613445,0.0007112627794022018,0.00022688459648526974,-2.2074213110147333e-05,0.0002034982192801453,0.0001715379173586568,0.00036376074633408294,0.0003502750407154308,0.0003118453090321129,0.00028256595406837723,0.00011051557602334104,0.0002088734696059961,0.0004047781463637157,0.0005190229370561097,0.00011787076821044328,0.0001505646157399141,0.00024512906052484205,0.0001553258049950096,0.0002420050020779686,0.00022092521376375294
THRL.L,7.697254125632322e-05,0.0003332399278784052,0.0005879516070563826,0.0010255092229521066,0.0006435940963813347,0.0004189380046517104,0.0008482050634057742,0.0006511650453223152,0.0008952249903451754,0.0007791757515652124,0.0012625854888238296,0.0008564172838728313,0.0006386462391751529,0.000861853057502671,0.0015124533803198255,0.0006881272722204975,0.0011668113301356077,0.0004852584244239255,0.00039170378406532246,0.0006643274723313876,0.0001461419455211555,0.0005957201165807436,0.00047880254821126416,0.0005548408011242846,0.0006391095441414665,0.0011750410720466622,0.00011787076821044328,0.0008279950321622796,0.0003611320022989929,0.0012537858764887378,0.0011035622295972243,0.0005517476655753131,0.000539797024265604
UKCM.L,0.0005092835117770301,0.0001741167637036044,0.0009348735518728773,0.000915521698982416,0.00020056886398339582,0.00042072311785275177,0.0010574252077087676,0.0011498956991363937,0.0008838028476813475,0.0012133018979241501,0.0013531781243675425,0.0007853341328693476,0.0005746625151605761,0.0005307341050917197,0.0018997717855007308,0.0008263553472541221,0.0012439305339213712,0.0005313730485957433,0.0001816756404973004,0.0010240607047835143,0.00027209432382172,0.00030854074913344977,0.00044995943028627026,0.0009031822717149002,0.00027177771366249776,0.0009531808374409869,0.0001505646157399141,0.0003611320022989929,0.002006077309300685,0.000840874684208806,0.001414158559127171,0.0001903508732157726,0.0001708322024300831
UTG.L,0.00017644973354992105,0.0015322443488755694,0.0024633968968569286,0.004561610160145468,0.0012994133822612098,0.001657075454769353,0.0036493328479631675,0.0027845923902542796,0.0030470904500800038,0.0026754605394772825,0.0035294052507552163,0.002696716863103758,0.0019379389446644985,0.0024125351467695934,0.0063533145414578765,0.0027772212583020393,0.004707942198640473,0.0021845235033316488,0.0012900093521936672,0.0010705944761692419,-2.4315176476412507e-05,0.0020249737700499216,0.0017773253262296086,0.0024012826319330235,0.0027727322844321315,0.004026312028056963,0.00024512906052484205,0.0012537858764887378,0.000840874684208806,0.00498815175108862,0.004060145082344891,0.0021250090917854705,0.0020392256780379365
WKP.L,9.193970589668707e-05,0.0013743993926639676,0.002980414316608626,0.0050945293032492196,0.0006144772399410568,0.0018653601087623034,0.004199899985053836,0.002920562002272064,0.002494478845802257,0.0036690199920222035,0.0026647024628353023,0.003430637543527922,0.0021675523887778937,0.003726484650527855,0.007214277130957966,0.0030610173132010533,0.004907662571556662,0.002124313427495115,0.0010871025429899986,0.0013695046669134259,3.5358369234312053e-06,0.0025290353737766184,0.0014808745179744583,0.0030130550232194166,0.0023502462548976376,0.0038498087077780273,0.0001553258049950096,0.0011035622295972243,0.001414158559127171,0.004060145082344891,0.0071866643873000026,0.001877805894916247,0.001763074590776657
^FTLC,-5.66404967542348e-06,0.001245186058849652,0.0016353657917761698,0.002682161458037687,0.001002601458938724,0.0006890485068184306,0.0023625057545418374,0.001346059579403255,0.0018702411316164772,0.0010637179839111204,0.0019373041212362623,0.0013598144571256045,0.0010737861432645332,0.001288211928446898,0.0033783982785463465,0.0014642709302489544,0.002491365524021068,0.0011327673570622674,0.0010415889107156398,0.0007636043004058171,6.376213834952798e-05,0.0009195142177922352,0.0008522920963425079,0.001490048260866747,0.0016660734898971139,0.0022270292538818562,0.0002420050020779686,0.0005517476655753131,0.0001903508732157726,0.0021250090917854705,0.001877805894916247,0.0016379204954520608,0.0015782772544429364
^FTSE,-2.3777994957131127e-06,0.0012079525351207051,0.0014990806225040401,0.002467847257192451,0.000991504917261127,0.0005857887418043346,0.0022145605192605057,0.0012697053302275442,0.001766980377128679,0.000962384904502041,0.0018398497004665176,0.0012573337945268625,0.0009758356878025695,0.0011541584303012998,0.003230568434278402,0.0013814040153777392,0.0023629651127023065,0.0010656178056967502,0.0009707546373695696,0.0007442978963146374,5.4003919285816454e-05,0.000825011479697799,0.0008374043523742363,0.0013655612038773678,0.0015888736515793302,0.0019421881159535578,0.00022092521376375294,0.000539797024265604,0.0001708322024300831,0.0020392256780379365,0.001763074590776657,0.0015782772544429364,0.0015621763625555667
